%YAML:1.0
cam_matrix: !!opencv-matrix
   rows: 3
   cols: 3
   dt: d
   data: [ 2.8198215223769516e+03, 0., 1.2503451439119488e+03, 0.,
       2.8198957870026215e+03, 1.0240001054252784e+03, 0., 0., 1. ]
distortion: !!opencv-matrix
   rows: 5
   cols: 1
   dt: d
   data: [ -3.4022378198246739e-01, 1.9447122050466514e-01,
       6.0644116402043698e-04, -1.2465563956276250e-04,
       -9.5215078585904736e-02 ]
rms: 1.1316283726169392e-01
width: 2592
height: 1944
Marker_width: 4
Marker_height: 11
squareSize: 1.6249999403953552e-02
