%YAML:1.0
cam_matrix: !!opencv-matrix
   rows: 3
   cols: 3
   dt: d
   data: [ 1.0579503137797046e+03, 0., 9.7618589099727524e+02, 0.,
       1.0584493475724926e+03, 6.1551320285048973e+02, 0., 0., 1. ]
distortion: !!opencv-matrix
   rows: 5
   cols: 1
   dt: d
   data: [ -3.0577418933860434e-01, 1.0770245595785444e-01,
       1.9895944640588526e-04, 1.7902143145885959e-05,
       -1.9285697105946922e-02 ]
rms: 1.9142881072481518e-01
width: 1920
height: 1200
Marker_width: 4
Marker_height: 11
squareSize: 1.6249999403953552e-02
