%YAML:1.0
cam_matrix: !!opencv-matrix
   rows: 3
   cols: 3
   dt: d
   data: [ 2.7433561228590274e+03, 0., 1.2628538557545799e+03, 0.,
       2.7446677265349422e+03, 1.0807817986819905e+03, 0., 0., 1. ]
distortion: !!opencv-matrix
   rows: 5
   cols: 1
   dt: d
   data: [ -3.6783784302350381e-01, 1.4622712423724793e-01,
       -7.5970764181077291e-04, -1.1040435258566287e-03,
       3.9320283997865635e-02 ]
rms: 3.3249052918013522e-01
width: 2592
height: 1944
Marker_width: 4
Marker_height: 11
squareSize: 1.6249999403953552e-02
