%YAML:1.0
cam_matrix: !!opencv-matrix
   rows: 3
   cols: 3
   dt: d
   data: [ 2.8222817389975735e+03, 0., 1.2617199359491008e+03, 0.,
       2.8227462967635383e+03, 1.0244214464252875e+03, 0., 0., 1. ]
distortion: !!opencv-matrix
   rows: 5
   cols: 1
   dt: d
   data: [ -3.3169483951250056e-01, 1.3301743817928699e-01,
       7.5699827912499270e-04, -3.8542657429439092e-04,
       3.2065784909968371e-02 ]
rms: 1.6622364511374219e-01
width: 2592
height: 1944
Marker_width: 4
Marker_height: 11
squareSize: 1.6249999403953552e-02
