%YAML:1.0
cam_matrix: !!opencv-matrix
   rows: 3
   cols: 3
   dt: d
   data: [ 1.9753280084283606e+03, 0., 1.2777269395906922e+03, 0.,
       1.9842864507464494e+03, 1.0569409315642097e+03, 0., 0., 1. ]
distortion: !!opencv-matrix
   rows: 5
   cols: 1
   dt: d
   data: [ -2.0276060696776727e-01, 4.1511882580562298e-01,
       -5.4027616207273188e-04, -1.6645689582731433e-03,
       -3.9405587105194939e-01 ]
rms: 5.3743906223738247e-01
width: 2592
height: 1944
Marker_width: 4
Marker_height: 10
squareSize: 1.4000000432133675e-02
