%YAML:1.0
distortion: !!opencv-matrix
   rows: 5
   cols: 1
   dt: d
   data: [ -4.5301313393709491e-01, 1.7801947065313542e-01,
       2.0208488300209018e-03, -1.2380736446324808e-03,
       4.1602610254917738e-02 ]
cam_matrix: !!opencv-matrix
   rows: 3
   cols: 3
   dt: d
   data: [ 1.9141302065159871e+03, 0., 9.1662953452863883e+02, 0.,
       1.9004822076564844e+03, 5.1313947343955613e+02, 0., 0., 1. ]
width: 1920
height: 1080
deviceName: TORU_0002_temp