%YAML:1.0
distortion: !!opencv-matrix
   rows: 5
   cols: 1
   dt: d
   data: [ -4.5212725708358342e-01, 1.7092168032758143e-01,
       -4.8837122533390990e-03, -2.9584012675778443e-03,
       5.5710174949407783e-02 ]
cam_matrix: !!opencv-matrix
   rows: 3
   cols: 3
   dt: d
   data: [ 1.9242878525929148e+03, 0., 9.5788253608237119e+02, 0.,
       1.9261684860352620e+03, 5.9136522275261143e+02, 0., 0., 1. ]
deviceName: dart_0001_x
height: 1080
width: 1920

