%YAML:1.0
distortion: !!opencv-matrix
   rows: 5
   cols: 1
   dt: d
   data: [ -4.9414960979194683e-01, 2.9921934155175856e-01,
       -1.8805787649876866e-03, -5.4804753582000645e-03,
       -7.9064435890515386e-02 ]
cam_matrix: !!opencv-matrix
   rows: 3
   cols: 3
   dt: d
   data: [ 1.9550101636596164e+03, 0., 9.5794314180988442e+02, 0.,
       1.9543553052420684e+03, 5.5401635527092640e+02, 0., 0., 1. ]
deviceName: dart_0001_x
height: 1080
width: 1920
rmse: 2.8595362861370449e-01
timestamp: "24-09-2015-20-08-39"

