%YAML:1.0
distortion: !!opencv-matrix
   rows: 5
   cols: 1
   dt: d
   data: [ -4.8185667811635619e-01, 3.1669589552414817e-01,
       5.3003532504898229e-04, 7.3042469843498446e-04,
       -1.6427225018433173e-01 ]
cam_matrix: !!opencv-matrix
   rows: 3
   cols: 3
   dt: d
   data: [ 1.9168848124262086e+03, 0., 9.4221807580664267e+02, 0.,
       1.9098236366393332e+03, 5.3279169567323265e+02, 0., 0., 1. ]
deviceName: SOL_0001_b
height: 1080
width: 1920

