%YAML:1.0
cam_matrix: !!opencv-matrix
   rows: 3
   cols: 3
   dt: d
   data: [ 1.9269122382307582e+03, 0., 9.1177880979511838e+02, 0.,
       1.9040938997909427e+03, 5.0771737246184472e+02, 0., 0., 1. ]
distortion: !!opencv-matrix
   rows: 5
   cols: 1
   dt: d
   data: [ -4.9675883363217099e-01, 9.9293640685114171e-01,
       1.7186633907358357e-03, 1.9376699141169401e-04,
       -2.6365558835309564e+00 ]
rms: 8.5623868681961157e-01
width: 1920
height: 1080
Marker_width: 4
Marker_height: 11
squareSize: 1.9999999552965164e-02
