%YAML:1.0
distortion: !!opencv-matrix
   rows: 5
   cols: 1
   dt: d
   data: [ -3.1584236774025765e-01, 1.2462866790295135e-01,
       9.8392215525029149e-04, 2.6028789989484836e-04,
       -2.6264702662722218e-02 ]
cam_matrix: !!opencv-matrix
   rows: 3
   cols: 3
   dt: d
   data: [ 1.0527705237111136e+03, 0., 9.6693925321442407e+02, 0.,
       1.0515218943694588e+03, 5.9159296531329403e+02, 0., 0., 1. ]
deviceName: TORU_0002_SOL
height: 1200
width: 1920
rmse: 2.4308650187491901e-01
