%YAML:1.0
distortion: !!opencv-matrix
   rows: 5
   cols: 1
   dt: d
   data: [ -2.4669554416436418e-01, 1.2550706473013973e-01,
       -3.7426754817146114e-04, -5.9494337137912950e-04,
       -3.9947444380883775e-02 ]
cam_matrix: !!opencv-matrix
   rows: 3
   cols: 3
   dt: d
   data: [ 1.8742114676486810e+03, 0., 1.2885020377183112e+03, 0.,
       1.8707680048039078e+03, 1.0642844758773206e+03, 0., 0., 1. ]
deviceName: SOL_0001_SO
height: 1944
width: 2592 
