%YAML:1.0
distortion: !!opencv-matrix
   rows: 5
   cols: 1
   dt: d
   data: [ -1.4591881214573588e-01, 8.4755690146128243e-02,
       -3.1097870696871345e-04, -2.0585228310356917e-04,
       -1.8653449261619631e-02 ]
cam_matrix: !!opencv-matrix
   rows: 3
   cols: 3
   dt: d
   data: [ 1.1320869587995285e+03, 0., 9.9108450266401360e+02, 0.,
       1.1323459177854147e+03, 5.6168985708864068e+02, 0., 0., 1. ]
deviceName: TORU_0003_SOL
height: 1080
width: 2048
rmse: 1.7345233234848070e-01
timestamp: "21-10-2015-18-34-37-104"

