%YAML:1.0
distortion: !!opencv-matrix
   rows: 5
   cols: 1
   dt: d
   data: [ -2.4924616071716557e-01, 1.1981269574130470e-01,
       4.5666697940475694e-04, -7.2372778610964815e-04,
       -2.3502346920025344e-02 ]
cam_matrix: !!opencv-matrix
   rows: 3
   cols: 3
   dt: d
   data: [ 1.8858624838421133e+03, 0., 9.9105947120178587e+02, 0.,
       1.8788624572687886e+03, 5.7035314923156318e+02, 0., 0., 1. ]
deviceName: TORU_0001_SOL
height: 1080
width: 1920

