%YAML:1.0
cam_matrix: !!opencv-matrix
   rows: 3
   cols: 3
   dt: d
   data: [ 3.7069206169662052e+03, 0., 1.9686698283876935e+03, 0.,
       3.6995192625411601e+03, 1.4281835335503908e+03, 0., 0., 1. ]
distortion: !!opencv-matrix
   rows: 5
   cols: 1
   dt: d
   data: [ -3.8169326076743310e-01, 2.1887794701999014e-01,
       -1.3949027416564437e-03, 8.4982875196154409e-04,
       -1.2533729268127955e-01 ]
rms: 2.7961282466266218e-01
width: 3840
height: 2748
Marker_width: 4
Marker_height: 11
squareSize: 1.9999999552965164e-02
