%YAML:1.0
distortion: !!opencv-matrix
   rows: 5
   cols: 1
   dt: d
   data: [ -1.4857398262721289e-01, 8.7232173735925983e-02,
       1.1844775031087185e-04, 1.9193297364139097e-04,
       -1.9679812270574821e-02 ]
cam_matrix: !!opencv-matrix
   rows: 3
   cols: 3
   dt: d
   data: [ 1.1340315318720568e+03, 0., 9.9053238379903939e+02, 0.,
       1.1346143161327363e+03, 5.5537729531224647e+02, 0., 0., 1. ]
deviceName: TORU_004_SOL
height: 1080
width: 2048
rmse: 6.7392038889391617e-02
timestamp: "21-10-2015-14-23-15-781"

