%YAML:1.0
distortion: !!opencv-matrix
   rows: 5
   cols: 1
   dt: d
   data: [ -1.7214541018158103e-01, 1.2310142725051937e-01,
       4.6082758345214193e-04, -1.8696605106427862e-04,
       -3.3565101439980323e-02 ]
cam_matrix: !!opencv-matrix
   rows: 3
   cols: 3
   dt: d
   data: [ 1.5103359340218963e+03, 0., 9.6899100787663554e+02, 0.,
       1.5105765965019136e+03, 5.4957851433703775e+02, 0., 0., 1. ]
deviceName: TORU_0004_SOL
height: 1080
width: 2048
rmse: 2.5005348157554419e-01
timestamp: "14-10-2015-11-58-22-306"

