%YAML:1.0
distortion: !!opencv-matrix
   rows: 5
   cols: 1
   dt: d
   data: [ -3.1634758602308405e-01, 1.2199310198959479e-01,
       -3.8234803542261576e-04, 2.0623265321911388e-04,
       -2.4968128242822012e-02 ]
cam_matrix: !!opencv-matrix
   rows: 3
   cols: 3
   dt: d
   data: [ 1.1280085736439994e+03, 0., 1.0217351839109100e+03, 0.,
       1.1243943560570606e+03, 5.5683165240275628e+02, 0., 0., 1. ]
deviceName: TORU_0002_SOL
height: 1080
width: 2048
rmse: 1.5332106294984338e-01
timestamp: "13-10-2015-08-50-11-516"
