%YAML:1.0
distortion: !!opencv-matrix
   rows: 5
   cols: 1
   dt: d
   data: [ -4.0973674636093504e-01, 3.0422450383519106e-01,
       1.3813461744627735e-03, -2.0224019534487354e-03,
       -1.9440047792178830e-01 ]
cam_matrix: !!opencv-matrix
   rows: 3
   cols: 3
   dt: d
   data: [ 3.6355824766671913e+03, 0., 2.0031179854420966e+03, 0.,
       3.6095132704826797e+03, 1.3259604004475043e+03, 0., 0., 1. ]
deviceName: TORU_0001_gripper
width: 3840
height: 2748
