%YAML:1.0
distortion: !!opencv-matrix
   rows: 5
   cols: 1
   dt: d
   data: [ -2.7307493642663255e-01, 1.5886900643463336e-01,
       -1.9718930729744773e-04, -5.7369396930134764e-04,
       -7.3036972483496471e-02 ]
cam_matrix: !!opencv-matrix
   rows: 3
   cols: 3
   dt: d
   data: [ 1.1450363139535375e+03, 0., 6.3421299966931986e+02, 0.,
       1.1537059348159755e+03, 5.1187455374304943e+02, 0., 0., 1. ]
deviceName: TORU_0001_SOL
height: 1024
width: 1280

